0
67
53
44
58
224
197
102
60
229
54
63
208
137
144
49
220
24
104
138
219
121
114
46
65
133
235
217
11
158
230
7
245
120
182
123
193
177
72
254
41
215
82
223
251
94
70
106
148
162
166
95
186
205
189
225
20
233
76
89
200
92
32
236
249
100
135
155
47
218
64
77
237
10
13
68
199
240
145
252
40
34
173
210
51
57
151
184
204
85
179
176
175
192
248
247
228
226
115
8
156
31
150
159
2
214
103
185
227
140
124
221
178
69
169
110
52
42
84
168
167
39
38
142
130
122
118
239
17
29
206
207
187
134
250
163
160
146
191
246
107
61
231
109
183
201
81
71
127
59
3
131
255
108
1
101
22
36
153
99
213
216
6
170
83
152
93
98
164
209
234
126
232
181
139
62
196
56
50
4
222
66
12
37
15
16
212
198
25
180
119
73
238
241
243
55
9
141
78
125
161
97
23
174
128
105
149
43
112
165
157
90
35
27
18
211
143
244
45
28
75
172
171
80
5
195
147
242
14
194
203
48
253
111
91
79
86
113
88
136
87
19
188
96
117
190
33
129
154
132
30
21
202
116
26
74
